128352
129941
129946
172460
182386
183147
184080
184104
184415
184416
188093
198130
198145
198157
198307
198329
198330
198331
198332
198333
198334
213602
214828
214911
215625
215637
223116
223740
224724
224881
225115
225803
234795
234963
234987
235148
236529
236711
236798
236892
237569
237911
237999
238233
238504
238505
238506
238507
238657
238740
238850
239078
239359
239654
239655
239656
239657
240441
272967
273304
273305
273306
273307
273309
273310
273311
292590
310487
314363
320371
340593
341214
341215
341221
341222
341225
341226
341367
341368
341369
341385
349496
349498
349543
349625
349626
349627
349670
349671
349672
349673
349674
349675
349676
349677
349678
349679
349680
349681
349682
349683
349684
349686
349687
349688
349689
349690
349691
349692
349694
349695
349696
349697
349698
349699
349700
349702
349703
349704
349705
349706
349707
349708
349710
349711
349712
349713
349714
349715
349716
349717
349718
349719
349720
349721
349722
349723
349724
349725
349726
349727
349728
349729
349730
349731
349732
349733
349734
349735
349787
349795
349850
350519
350584
365784
365787
365843
366146
366339
366370
366415
366899
366986
367001
367152
367198
367256
367381
367524
367531
367540
367541
367547
367984
368332
368704
368948
369533
369572
369653
369824
369861
369875
369886
369894
370105
371164
371752
371806
371819
371868
371933
372171
372318
372799
372848
373246
373287
373482
373523
373566
373603
373865
374222
374413
374697
374867
374878
376361
376448
376576
376605
377072
378950
381369
381384
381385
381386
394984
395416
395688
395797
397343
397526
397540
397541
397547
399489
400250
400301
400339
400395
400630
400901
401299
403218
403240
403405
404329
405781
406366
406826
406832
406935
407060
407123
407139
407551
407971
410966
410967
410968
411976
411978
411979
411980
417695
